0;-0.0112576
0.01;-0.012567
0.02;-0.00672872
0.03;5.15E-06
0.04;0.0117163
0.05;0.0342558
0.06;0.0247913
0.07;0.00338207
0.08;0.00374319
0.09;0.00910518
0.1;-0.0107253
0.11;0.0176248
0.12;0.00325258
0.13;0.0185475
0.14;0.00686947
0.15;0.0132056
0.16;-0.014507
0.17;-0.123961
0.18;-0.0930498
0.19;-0.0686294
0.2;-0.0893237
0.21;-0.0778361
0.22;-0.077944
0.23;-0.0943353
0.24;-0.104653
0.25;-0.0964648
0.26;-0.0891774
0.27;-0.0216587
0.28;0.0639502
0.29;0.170877
0.3;0.210459
0.31;0.125739
0.32;-0.00446924
0.33;-0.0334144
0.34;-0.112246
0.35;-0.165507
0.36;-0.30088
0.37;-0.334975
0.38;-0.242855
0.39;-0.241132
0.4;-0.201379
0.41;-0.263361
0.42;-0.373347
0.43;-0.286344
0.44;-0.295942
0.45;-0.224229
0.46;-0.199331
0.47;-0.30945
0.48;-0.412356
0.49;-0.422839
0.5;-0.353172
0.51;-0.233616
0.52;-0.107878
0.53;-0.190596
0.54;-0.0069155
0.55;0.129446
0.56;0.134958
0.57;0.27477
0.58;0.168644
0.59;0.090297
0.6;0.00734903
0.61;-0.25425
0.62;-0.435357
0.63;-0.410199
0.64;-0.297477
0.65;-0.258435
0.66;-0.3547
0.67;-0.389794
0.68;-0.478691
0.69;-0.206561
0.7;0.376531
0.71;0.551852
0.72;0.369086
0.73;0.405847
0.74;0.274867
0.75;0.290865
0.76;0.231855
0.77;0.097093
0.78;-0.258053
0.79;-0.222454
0.8;-0.0919959
0.81;0.301385
0.82;0.00946272
0.83;-0.228173
0.84;0.0173389
0.85;0.00790317
0.86;-0.0725951
0.87;0.427269
0.88;0.696453
0.89;0.54895
0.9;0.562391
0.91;0.545478
0.92;0.175412
0.93;-0.259142
0.94;-0.103276
0.95;-0.037972
0.96;0.0660757
0.97;0.110209
0.98;-0.0908424
0.99;0.139592
1;0.0187544
1.01;0.155326
1.02;0.259093
1.03;-0.0880385
1.04;-0.0220327
1.05;0.207189
1.06;0.143594
1.07;-0.0571163
1.08;-0.455439
1.09;-0.565953
1.1;-0.51905
1.11;-0.453972
1.12;-0.861656
1.13;-0.710913
1.14;-0.455699
1.15;-0.153133
1.16;0.22407
1.17;-0.00747187
1.18;-0.171645
1.19;-0.337312
1.2;-0.437436
1.21;-0.615001
1.22;-0.427567
1.23;0.144589
1.24;0.230285
1.25;1.06155
1.26;1.13153
1.27;0.918091
1.28;1.22087
1.29;1.19616
1.3;1.39
1.31;1.05024
1.32;0.505778
1.33;0.237982
1.34;0.146026
1.35;-0.307084
1.36;-0.00829705
1.37;-0.440846
1.38;-0.912394
1.39;-0.179883
1.4;0.0833766
1.41;0.245891
1.42;0.0107972
1.43;-0.226635
1.44;-0.280925
1.45;-0.546924
1.46;-0.400921
1.47;-0.259287
1.48;-0.609578
1.49;-0.375684
1.5;0.112594
1.51;0.37037
1.52;0.0538851
1.53;0.154376
1.54;0.123106
1.55;0.665816
1.56;0.938534
1.57;0.594756
1.58;0.926034
1.59;0.888559
1.6;0.750334
1.61;-0.531285
1.62;-1.76652
1.63;-1.70068
1.64;-1.11074
1.65;-0.344643
1.66;-0.0183776
1.67;-0.00117452
1.68;-0.553615
1.69;-0.615097
1.7;-0.358752
1.71;-0.591281
1.72;-0.283708
1.73;-0.174923
1.74;-0.099268
1.75;0.25042
1.76;-0.382304
1.77;-0.679523
1.78;-0.816021
1.79;-0.81619
1.8;-0.644589
1.81;-0.405257
1.82;0.355507
1.83;0.462541
1.84;0.167005
1.85;0.186835
1.86;-0.122919
1.87;-0.263732
1.88;-0.494259
1.89;-0.945418
1.9;-0.931462
1.91;-0.95279
1.92;-0.679986
1.93;-0.464461
1.94;-0.433708
1.95;-0.0906176
1.96;0.405876
1.97;0.15045
1.98;0.538256
1.99;0.0689165
2;0.0624723
2.01;0.360995
2.02;-0.578745
2.03;-0.365094
2.04;-0.0345044
2.05;0.315631
2.06;0.880302
2.07;0.644201
2.08;0.38684
2.09;0.0759161
2.1;-0.346624
2.11;0.686618
2.12;0.828678
2.13;0.582308
2.14;0.420615
2.15;0.0769625
2.16;-0.0834495
2.17;-0.594702
2.18;-0.555866
2.19;-0.348881
2.2;-0.759143
2.21;0.239868
2.22;-0.129528
2.23;-0.56458
2.24;-0.975269
2.25;-1.35857
2.26;-0.528316
2.27;0.0798419
2.28;-0.585264
2.29;-0.737054
2.3;-0.719139
2.31;-1.25696
2.32;-1.08531
2.33;-1.42324
2.34;-1.68065
2.35;-1.4767
2.36;-0.703146
2.37;-0.317968
2.38;-0.749184
2.39;0.316435
2.4;0.179795
2.41;0.25943
2.42;0.779701
2.43;0.294502
2.44;0.942147
2.45;0.308669
2.46;0.0771336
2.47;0.0917741
2.48;-0.101542
2.49;0.380725
2.5;-0.320018
2.51;0.122144
2.52;0.870749
2.53;0.843397
2.54;1.314
2.55;0.827541
2.56;0.391749
2.57;-0.0795188
2.58;-0.465622
2.59;-1.10788
2.6;-1.35303
2.61;-0.892476
2.62;-0.20321
2.63;-0.0886213
2.64;-0.0400023
2.65;0.261671
2.66;0.326774
2.67;0.358642
2.68;0.449676
2.69;0.841246
2.7;1.68875
2.71;1.90488
2.72;1.47164
2.73;1.46802
2.74;0.676234
2.75;1.37238
2.76;1.27322
2.77;0.807513
2.78;0.883804
2.79;0.724015
2.8;1.14496
2.81;1.76315
2.82;1.17504
2.83;0.417929
2.84;0.52366
2.85;0.182241
2.86;-0.472764
2.87;-0.284644
2.88;0.251435
2.89;0.472318
2.9;0.00778392
2.91;-0.218458
2.92;-0.537109
2.93;-0.0379557
2.94;0.250626
2.95;0.0311804
2.96;0.782239
2.97;0.700642
2.98;0.986514
2.99;0.883735
3;0.778797
3.01;0.522515
3.02;0.372793
3.03;0.507542
3.04;-0.00606014
3.05;0.053966
3.06;-0.111708
3.07;0.434581
3.08;-0.0789296
3.09;0.0643586
3.1;0.608555
3.11;0.36424
3.12;-0.0495788
3.13;-0.421499
3.14;-0.361013
3.15;-0.180052
3.16;-0.505942
3.17;-0.683649
3.18;-0.228427
3.19;-0.113602
3.2;-0.244856
3.21;-0.732835
3.22;-1.77799
3.23;-1.3663
3.24;-0.329535
3.25;0.636396
3.26;0.206102
3.27;0.0683351
3.28;0.0935609
3.29;-0.0197926
3.3;0.0783871
3.31;0.620007
3.32;0.131051
3.33;0.256455
3.34;0.347143
3.35;0.600401
3.36;0.616755
3.37;-0.216179
3.38;0.488395
3.39;0.195578
3.4;0.394929
3.41;0.665131
3.42;-0.310974
3.43;-0.655393
3.44;-0.700836
3.45;-0.241235
3.46;0.421143
3.47;0.234935
3.48;0.0593462
3.49;0.228528
3.5;0.499163
3.51;0.768098
3.52;0.540599
3.53;0.158021
3.54;0.989159
3.55;1.07596
3.56;1.22011
3.57;1.09944
3.58;0.365632
3.59;0.783884
3.6;0.305847
3.61;0.0964356
3.62;0.770034
3.63;1.52821
3.64;1.06117
3.65;0.825589
3.66;1.09994
3.67;0.828821
3.68;1.18691
3.69;0.310559
3.7;0.47571
3.71;0.405169
3.72;0.424218
3.73;0.517675
3.74;-0.0380201
3.75;-0.292382
3.76;-0.30798
3.77;-0.260404
3.78;-0.120972
3.79;0.0339604
3.8;0.298452
3.81;0.0107343
3.82;-0.314191
3.83;-0.782369
3.84;-0.724348
3.85;-0.806928
3.86;-0.409281
3.87;-0.637082
3.88;-0.0232995
3.89;-0.732387
3.9;-1.626
3.91;-1.26347
3.92;-1.63737
3.93;-1.27694
3.94;-0.435314
3.95;-0.233699
3.96;-0.369481
3.97;-0.437436
3.98;-0.108958
3.99;0.273471
4;0.289182
4.01;0.680484
4.02;1.14231
4.03;1.19461
4.04;0.387838
4.05;-0.222854
4.06;-0.875155
4.07;-0.745788
4.08;-0.145586
4.09;-0.172169
4.1;-0.688705
4.11;-0.575857
4.12;-0.0967393
4.13;0.584299
4.14;0.388521
4.15;-0.105128
4.16;0.219015
4.17;0.446813
4.18;0.789846
4.19;0.386048
4.2;0.894508
4.21;0.971755
4.22;0.810719
4.23;1.57208
4.24;1.10797
4.25;1.34137
4.26;0.506918
4.27;0.33089
4.28;-0.0302186
4.29;-0.585632
4.3;-0.232549
4.31;-0.83012
4.32;-0.786928
4.33;-0.613742
4.34;-0.987364
4.35;-1.60831
4.36;-2.28107
4.37;-1.54056
4.38;-1.04879
4.39;0.114749
4.4;0.719654
4.41;0.221125
4.42;-0.368779
4.43;-0.865923
4.44;-0.599137
4.45;-0.894918
4.46;-0.251927
4.47;0.143295
4.48;0.482199
4.49;0.708183
4.5;-0.26254
4.51;0.0132502
4.52;-0.415247
4.53;-0.648566
4.54;-0.424399
4.55;-0.535043
4.56;0.0398728
4.57;0.141044
4.58;-0.129271
4.59;-0.476258
4.6;-0.596841
4.61;-1.01428
4.62;-0.908264
4.63;-0.745016
4.64;-0.36741
4.65;-0.26949
4.66;0.154119
4.67;0.906607
4.68;0.902101
4.69;0.627688
4.7;0.367452
4.71;0.821109
4.72;0.368787
4.73;0.0644534
4.74;0.702081
4.75;1.20138
4.76;1.44678
4.77;0.950811
4.78;0.281495
4.79;0.369733
4.8;-0.209942
4.81;0.185483
4.82;0.251505
4.83;0.221864
4.84;0.281085
4.85;0.198307
4.86;0.246039
4.87;-0.03581
4.88;-0.295524
4.89;-0.725823
4.9;-1.17439
4.91;-0.997078
4.92;-0.344908
4.93;-0.0240952
4.94;0.27521
4.95;0.480424
4.96;0.427464
4.97;-0.233427
4.98;0.316237
4.99;0.247195
5;-0.171119
5.01;-0.285281
5.02;-0.235544
5.03;-0.678735
5.04;-0.529138
5.05;0.117694
5.06;0.913578
5.07;0.901325
5.08;0.908835
5.09;0.913065
5.1;0.953612
5.11;0.411758
5.12;0.407928
5.13;0.840508
5.14;1.06584
5.15;1.5756
5.16;1.49614
5.17;1.00651
5.18;-0.23565
5.19;-0.0285898
5.2;0.788859
5.21;1.14509
5.22;0.691078
5.23;-0.0114856
5.24;0.352031
5.25;-1.03835
5.26;-1.44965
5.27;-1.06762
5.28;-0.879895
5.29;-0.462498
5.3;-0.557274
5.31;-1.22946
5.32;-1.1021
5.33;-1.29172
5.34;-1.24122
5.35;-0.417175
5.36;-0.2191
5.37;-0.167546
5.38;-0.0920786
5.39;-0.389035
5.4;-0.761559
5.41;-0.0151042
5.42;0.545623
5.43;1.00147
5.44;0.693356
5.45;-0.247833
5.46;-0.176799
5.47;-0.225721
5.48;-0.0907887
5.49;-0.337729
5.5;-0.713522
5.51;-0.372973
5.52;0.123937
5.53;0.283489
5.54;0.243421
5.55;0.280375
5.56;0.865013
5.57;0.8643
5.58;0.902473
5.59;0.841985
5.6;0.741371
5.61;0.542596
5.62;0.294407
5.63;0.305032
5.64;0.00871327
5.65;-0.254025
5.66;-0.504739
5.67;-0.653309
5.68;-1.05494
5.69;-1.14128
5.7;-0.522759
5.71;-0.362327
5.72;-0.306691
5.73;-0.278125
5.74;-0.174941
5.75;-0.258854
5.76;-0.941573
5.77;-1.60429
5.78;-1.92037
5.79;-2.11254
5.8;-1.42117
5.81;-1.08254
5.82;-1.18006
5.83;0.313195
5.84;0.779338
5.85;0.648337
5.86;0.533864
5.87;0.566478
5.88;0.187145
5.89;0.0775126
5.9;0.925095
5.91;0.91655
5.92;0.590402
5.93;-0.0071833
5.94;-0.601028
5.95;-0.453988
5.96;-0.304657
5.97;0.93445
5.98;1.24869
5.99;0.94931
6;1.67851
6.01;1.57098
6.02;1.33704
6.03;0.0837122
6.04;-0.411631
6.05;-0.382783
6.06;-0.314772
6.07;-0.0729798
6.08;-0.533692
6.09;-1.30969
6.1;-1.33712
6.11;-1.24454
6.12;-1.99331
6.13;-1.83426
6.14;-1.38311
6.15;-1.24988
6.16;-0.998945
6.17;-0.742723
6.18;-0.515654
6.19;0.552976
6.2;1.51044
6.21;1.74351
6.22;1.5061
6.23;1.60354
6.24;1.33354
6.25;1.10306
6.26;1.29216
6.27;1.30706
6.28;0.964427
6.29;0.38779
6.3;0.247812
6.31;-0.411108
6.32;-0.361235
6.33;-0.00572484
6.34;0.195876
6.35;0.293617
6.36;0.247808
6.37;-0.237626
6.38;-0.750612
6.39;-0.48366
6.4;-0.251154
6.41;-0.72486
6.42;-0.200786
6.43;0.239981
6.44;0.267137
6.45;0.775058
6.46;0.975327
6.47;0.963968
6.48;0.193834
6.49;0.345326
6.5;0.553256
6.51;0.0791844
6.52;0.0643206
6.53;-0.613976
6.54;-0.485553
6.55;-0.673809
6.56;-0.819602
6.57;-0.680808
6.58;-0.399893
6.59;-0.844462
6.6;-0.949476
6.61;-0.637083
6.62;-1.74869
6.63;-2.01209
6.64;-2.16157
6.65;-2.25372
6.66;-1.73887
6.67;-1.51226
6.68;-0.83289
6.69;-0.421296
6.7;-0.575865
6.71;-0.622403
6.72;-0.557488
6.73;0.250113
6.74;0.489539
6.75;0.557179
6.76;0.0842337
6.77;-0.326208
6.78;-0.130716
6.79;-0.113919
6.8;-0.589596
6.81;0.349814
6.82;0.0690991
6.83;-0.539177
6.84;0.0538639
6.85;-0.187885
6.86;-0.613932
6.87;-0.452925
6.88;-0.160721
6.89;-0.288959
6.9;-0.126679
6.91;-0.77261
6.92;-1.03324
6.93;-0.643983
6.94;-0.490226
6.95;0.0110305
6.96;-0.149964
6.97;-0.345449
6.98;0.364007
6.99;1.06534
7;1.35404
7.01;1.49954
7.02;1.28208
7.03;-0.0179518
7.04;-0.225425
7.05;-0.516763
7.06;-0.788531
7.07;-0.231261
7.08;-0.761834
7.09;0.119334
7.1;0.337454
7.11;-0.27881
7.12;-0.0880347
7.13;0.121984
7.14;0.789284
7.15;1.17559
7.16;0.781417
7.17;0.415114
7.18;0.250971
7.19;0.010324
7.2;0.394674
7.21;0.673851
7.22;0.576765
7.23;0.372344
7.24;-0.439596
7.25;0.00285713
7.26;-0.384464
7.27;-0.596287
7.28;-0.517235
7.29;-1.31627
7.3;-1.35313
7.31;-1.7221
7.32;-1.25398
7.33;-0.382434
7.34;-0.489377
7.35;-0.0174749
7.36;0.602255
7.37;0.734721
7.38;0.978786
7.39;0.0988974
7.4;0.573236
7.41;0.141317
7.42;-0.452838
7.43;0.0123234
7.44;-0.743457
7.45;-0.10087
7.46;0.0959406
7.47;0.54892
7.48;0.974097
7.49;0.561542
7.5;0.52574
7.51;0.191749
7.52;0.371942
7.53;0.198918
7.54;0.319156
7.55;0.137885
7.56;0.711158
7.57;1.33298
7.58;1.51544
7.59;1.50134
7.6;1.21872
7.61;1.61346
7.62;0.298269
7.63;0.747436
7.64;-0.512096
7.65;-0.66832
7.66;-0.535656
7.67;-0.297702
7.68;-0.201625
7.69;-0.0474454
7.7;0.238381
7.71;-0.139063
7.72;-0.0718903
7.73;0.786553
7.74;1.33034
7.75;0.84259
7.76;0.344801
7.77;-0.193633
7.78;-0.760022
7.79;-0.886937
7.8;-0.654049
7.81;-0.170552
7.82;-0.447194
7.83;-0.626325
7.84;0.278163
7.85;0.278635
7.86;-0.00385587
7.87;-0.340391
7.88;-1.10896
7.89;-0.811225
7.9;-0.493367
7.91;-0.0676135
7.92;0.407382
7.93;-0.341196
7.94;-0.061136
7.95;0.0309689
7.96;-0.362537
7.97;-0.0480249
7.98;0.233699
7.99;0.804407
8;0.657558
8.01;0.425692
8.02;0.244648
8.03;-0.00917948
8.04;0.204311
8.05;0.749798
8.06;0.882061
8.07;-0.598764
8.08;-1.24972
8.09;-1.35452
8.1;-1.11945
8.11;-1.03267
8.12;0.415294
8.13;0.680319
8.14;0.0570927
8.15;0.670494
8.16;0.730869
8.17;0.665619
8.18;0.903549
8.19;0.946159
8.2;0.861849
8.21;0.872523
8.22;0.89342
8.23;0.347196
8.24;0.0111343
8.25;-1.07729
8.26;-1.0356
8.27;-0.984591
8.28;-0.759297
8.29;-0.090542
8.3;-0.0976112
8.31;-0.181023
8.32;-0.166695
8.33;-0.507528
8.34;-0.837915
8.35;-0.758235
8.36;-0.646814
8.37;-0.403377
8.38;0.318776
8.39;0.667046
8.4;-0.0311142
8.41;-0.372144
8.42;0.213888
8.43;0.797277
8.44;1.51538
8.45;1.47153
8.46;1.23017
8.47;1.98374
8.48;1.83863
8.49;1.32535
8.5;0.965671
8.51;0.277822
8.52;0.388963
8.53;0.238867
8.54;0.441202
8.55;-0.246891
8.56;-0.894472
8.57;-0.67782
8.58;-0.263748
8.59;-0.51157
8.6;0.221683
8.61;0.295662
8.62;-0.451361
8.63;-0.663507
8.64;-0.923738
8.65;-1.10907
8.66;-1.04887
8.67;-0.768817
8.68;-0.576546
8.69;-0.232888
8.7;-0.0457292
8.71;-0.35763
8.72;0.470867
8.73;0.067521
8.74;-0.449683
8.75;-0.284778
8.76;-0.241706
8.77;-0.559773
8.78;-0.150159
8.79;0.123601
8.8;-0.353439
8.81;-0.309145
8.82;-0.74873
8.83;-0.413615
8.84;0.370446
8.85;0.801435
8.86;1.11211
8.87;0.803055
8.88;0.288795
8.89;-0.0971225
8.9;-0.451577
8.91;-0.574398
8.92;0.171954
8.93;-0.0083019
8.94;0.360671
8.95;0.375521
8.96;0.0974911
8.97;0.730944
8.98;0.39762
8.99;-0.0549012
9;0.178263
9.01;-0.876355
9.02;-0.211402
9.03;-0.703925
9.04;-0.466566
9.05;0.274461
9.06;0.272516
9.07;0.582028
9.08;0.390806
9.09;-0.0778917
9.1;-0.810655
9.11;-0.654068
9.12;-0.442909
9.13;0.287771
9.14;1.15497
9.15;1.28073
9.16;1.52018
9.17;1.04333
9.18;1.71538
9.19;1.74655
9.2;1.32812
9.21;1.45627
9.22;0.374611
9.23;-0.157247
9.24;-0.493814
9.25;-0.517166
9.26;-0.720907
9.27;-1.01362
9.28;-0.886171
9.29;-0.408932
9.3;0.635775
9.31;1.16336
9.32;1.00526
9.33;0.702652
9.34;0.291418
9.35;0.235431
9.36;0.429525
9.37;0.704421
9.38;0.143713
9.39;0.154872
9.4;0.347905
9.41;0.0893515
9.42;-0.355463
9.43;-0.635147
9.44;-0.29599
9.45;-0.29695
9.46;-0.694937
9.47;-0.752277
9.48;-1.05418
9.49;-1.89107
9.5;-1.3828
9.51;-0.927306
9.52;-0.641976
9.53;0.028868
9.54;-0.219451
9.55;0.0851361
9.56;-0.115892
9.57;-0.803432
9.58;-0.888544
9.59;-0.8165
9.6;-0.107215
9.61;0.222771
9.62;0.405423
9.63;-0.179428
9.64;-0.622254
9.65;-0.747006
9.66;-1.10286
9.67;-1.07177
9.68;-0.604459
9.69;-1.14162
9.7;-0.90801
9.71;-0.523911
9.72;0.401545
9.73;1.17842
9.74;0.299596
9.75;-0.172092
9.76;-0.467452
9.77;-0.278104
9.78;-0.468976
9.79;-1.00377
9.8;-1.24634
9.81;-1.01508
9.82;-0.910235
9.83;-0.675544
9.84;-0.76412
9.85;-1.05589
9.86;-0.780557
9.87;0.110668
9.88;0.200204
9.89;-0.219277
9.9;-0.5093
9.91;-0.831507
9.92;-1.02692
9.93;-0.70465
9.94;-0.436273
9.95;-0.60747
9.96;-0.485021
9.97;-0.0713536
9.98;0.22734
9.99;0.861443
10;1.24611
10.01;1.00645
10.02;0.65018
10.03;0.32883
10.04;-0.123145
10.05;-0.497843
10.06;-0.312171
10.07;-0.671514
10.08;-0.220061
10.09;0.239826
10.1;0.584179
10.11;0.51568
10.12;-0.0282096
10.13;0.30224
10.14;0.346827
10.15;0.465502
10.16;1.34587
10.17;1.27346
10.18;1.41905
10.19;1.67207
10.2;2.05827
10.21;2.07423
10.22;1.43795
10.23;0.353536
10.24;-0.611147
10.25;-0.979495
10.26;-1.46647
10.27;-1.19485
10.28;-0.769349
10.29;-1.40803
10.3;-1.1181
10.31;-0.709479
10.32;-0.0114132
10.33;0.321118
10.34;-0.248963
10.35;0.0395416
10.36;-0.0162319
10.37;-0.289855
10.38;0.256456
10.39;0.554859
10.4;0.667014
10.41;0.94812
10.42;1.24578
10.43;0.851212
10.44;0.56773
10.45;0.742334
10.46;0.998744
10.47;0.716421
10.48;0.452381
10.49;-0.319846
10.5;-1.57607
10.51;-1.89436
10.52;-1.62838
10.53;-0.737524
10.54;-0.143718
10.55;-0.35882
10.56;-0.587616
10.57;0.0163519
10.58;0.211792
10.59;-0.21427
10.6;-0.685634
10.61;-1.19807
10.62;-0.965314
10.63;-0.668884
10.64;-0.363221
10.65;-0.40645
10.66;-0.0830538
10.67;1.25902
10.68;1.17138
10.69;1.13063
10.7;0.699588
10.71;-0.164553
10.72;0.269392
10.73;0.841683
10.74;1.24717
10.75;0.847772
10.76;0.263452
10.77;-0.0388832
10.78;-0.537772
10.79;-0.815242
10.8;-0.775964
10.81;-0.311639
10.82;-0.309647
10.83;-0.126037
10.84;0.0916159
10.85;-0.362912
10.86;0.408087
10.87;0.583697
10.88;1.18571
10.89;1.67191
10.9;0.991946
10.91;0.912824
10.92;0.761627
10.93;0.68192
10.94;0.861486
10.95;0.0104834
10.96;-0.395436
10.97;-0.372526
10.98;0.538949
10.99;0.930645
11;0.506903
11.01;0.168633
11.02;0.490303
11.03;0.365132
11.04;-0.427284
11.05;-1.33797
11.06;-1.40696
11.07;-1.15503
11.08;-0.469499
11.09;0.368017
11.1;0.143195
11.11;-0.315709
11.12;0.13941
11.13;0.772484
11.14;0.71843
11.15;0.626194
11.16;1.00049
11.17;0.811593
11.18;0.0540174
11.19;-0.187919
11.2;-0.485176
11.21;-0.482578
11.22;0.0746369
11.23;0.575471
11.24;0.749788
11.25;-0.490377
11.26;-0.770833
11.27;-0.952878
11.28;-0.649146
11.29;-0.0123435
11.3;-0.223069
11.31;-0.079463
11.32;0.221569
11.33;0.263018
11.34;0.29008
11.35;0.272731
11.36;0.0690584
11.37;0.128016
11.38;0.562439
11.39;-0.351231
11.4;-0.416932
11.41;-0.603874
11.42;-0.0579901
11.43;0.0700442
11.44;0.091261
11.45;-0.118983
11.46;-0.394405
11.47;-0.23692
11.48;-0.0263823
11.49;-0.7882
11.5;-0.994308
11.51;-0.412639
11.52;-0.47977
11.53;-0.377875
11.54;-0.398265
11.55;-0.113295
11.56;1.23136
11.57;1.60004
11.58;1.02999
11.59;0.87689
11.6;0.682008
11.61;0.715969
11.62;0.368764
11.63;0.500375
11.64;0.207045
11.65;0.194126
11.66;-0.578242
11.67;-0.321239
11.68;-0.321128
11.69;0.0740358
11.7;0.242296
11.71;-0.0118126
11.72;-0.0784052
11.73;-0.486859
11.74;-0.414158
11.75;-0.764422
11.76;-1.0894
11.77;-0.663668
11.78;-0.493453
11.79;0.1677
11.8;-0.263388
11.81;0.658762
11.82;1.51437
11.83;1.55145
11.84;1.51654
11.85;0.641473
11.86;0.331448
11.87;0.625955
11.88;1.25125
11.89;1.34463
11.9;0.88821
11.91;0.440097
11.92;0.607416
11.93;0.0184674
11.94;-0.657876
11.95;-0.214179
11.96;-0.183422
11.97;-0.599953
11.98;-0.506766
11.99;-0.579215
12;-0.769235
12.01;-0.831462
12.02;-1.84736
12.03;-1.50769
12.04;-1.72657
12.05;-1.69378
12.06;-2.38102
12.07;-2.53768
12.08;-2.33592
12.09;-1.48339
12.1;-0.00266466
12.11;-0.0970012
12.12;0.235238
12.13;0.430289
12.14;0.858124
12.15;-0.155987
12.16;-0.679775
12.17;-0.216425
12.18;-0.43497
12.19;0.265519
12.2;0.217049
12.21;0.650173
12.22;1.37347
12.23;1.63408
12.24;2.12318
12.25;1.93617
12.26;2.32733
12.27;1.45887
12.28;1.10562
12.29;0.944098
12.3;0.360506
12.31;0.223349
12.32;-0.526323
12.33;-0.133543
12.34;0.592908
12.35;0.438495
12.36;0.469472
12.37;0.587189
12.38;0.89556
12.39;1.29858
12.4;0.468729
12.41;0.33314
12.42;-0.483913
12.43;-0.889166
12.44;0.17065
12.45;0.0301777
12.46;0.184506
12.47;-0.362353
12.48;-1.04316
12.49;-0.110122
12.5;-1.04942
12.51;-1.26571
12.52;-0.541852
12.53;-0.776868
12.54;-0.685334
12.55;-0.7487
12.56;-0.565513
12.57;0.30731
12.58;-0.471133
12.59;-0.750743
12.6;0.00811457
12.61;-0.827021
12.62;-1.06443
12.63;0.160101
12.64;0.667125
12.65;-0.0884116
12.66;0.699689
12.67;0.75043
12.68;0.555726
12.69;1.2018
12.7;1.45143
12.71;1.01708
12.72;0.638793
12.73;0.568989
12.74;-0.182526
12.75;0.575781
12.76;0.351891
12.77;-2.35E-05
12.78;-0.0749797
12.79;-0.166803
12.8;0.634611
12.81;0.54711
12.82;0.53542
12.83;0.827059
12.84;0.31989
12.85;-0.114381
12.86;-0.058012
12.87;0.10508
12.88;-0.093416
12.89;0.0617238
12.9;0.119238
12.91;-0.0448944
12.92;0.505496
12.93;1.26833
12.94;1.03525
12.95;0.442151
12.96;0.175192
12.97;-0.162533
12.98;-0.300677
12.99;-0.733674
13;-0.882641
13.01;-0.202231
13.02;-0.396839
13.03;-0.0967711
13.04;-0.489843
13.05;0.00978671
13.06;0.412425
13.07;0.336719
13.08;0.365314
13.09;0.0626579
13.1;0.427746
13.11;0.834715
13.12;0.832397
13.13;0.357711
13.14;-0.393703
13.15;-1.35116
13.16;-1.42846
13.17;-1.47908
13.18;-1.56526
13.19;-1.32766
13.2;-1.92925
13.21;-1.29668
13.22;-1.11343
13.23;-0.602331
13.24;-0.261916
13.25;-0.363774
13.26;-0.304862
13.27;0.0513293
13.28;0.351977
13.29;0.763572
13.3;0.4238
13.31;-0.0463235
13.32;-0.472177
13.33;-0.146417
13.34;-0.0546404
13.35;-0.0232495
13.36;1.08451
13.37;2.40039
13.38;2.20121
13.39;1.62573
13.4;1.33496
13.41;0.466553
13.42;0.16052
13.43;-0.101001
13.44;-0.415123
13.45;-0.165644
13.46;0.0221499
13.47;0.118414
13.48;0.0972856
13.49;0.0963916
13.5;-0.00603345
13.51;0.835626
13.52;0.791303
13.53;0.658677
13.54;0.0142728
13.55;-0.814058
13.56;-0.450835
13.57;0.0807972
13.58;0.860355
13.59;0.555852
13.6;1.24392
13.61;1.67299
13.62;1.25302
13.63;1.77465
13.64;1.73294
13.65;0.998162
13.66;0.595713
13.67;0.469081
13.68;0.629845
13.69;0.558491
13.7;-0.0706184
13.71;-0.0895685
13.72;-0.101107
13.73;-0.799654
13.74;-0.493265
13.75;-1.34256
13.76;-1.66867
13.77;-1.56271
13.78;-1.72161
13.79;-1.16654
13.8;-1.59683
13.81;-0.816248
13.82;-0.174295
13.83;0.711547
13.84;1.05742
13.85;0.691755
13.86;0.517116
13.87;-0.000875312
13.88;0.25769
13.89;-0.193284
13.9;-0.467146
13.91;-0.471861
13.92;-0.807629
13.93;-0.144567
13.94;0.102396
13.95;0.576142
13.96;0.245056
13.97;-0.0474972
13.98;-0.347541
13.99;-0.488794
14;0.557262
14.01;0.218617
14.02;-0.469395
14.03;-0.70804
14.04;-0.983673
14.05;-0.472303
14.06;0.0366122
14.07;-0.430467
14.08;-0.193191
14.09;0.19506
14.1;-0.122955
14.11;-0.550696
14.12;-1.13145
14.13;-1.21929
14.14;-1.3667
14.15;-1.06567
14.16;-0.70132
14.17;-1.35744
14.18;-1.62239
14.19;-1.104
14.2;-0.255557
14.21;0.129164
14.22;0.444431
14.23;0.600334
14.24;0.820861
14.25;0.399266
14.26;0.712965
14.27;0.839372
14.28;0.038436
14.29;0.556056
14.3;0.648648
14.31;0.78403
14.32;0.997734
14.33;0.17475
14.34;-0.112774
14.35;0.195553
14.36;0.417771
14.37;1.00789
14.38;0.28469
14.39;0.743455
14.4;1.01022
14.41;0.356246
14.42;0.465761
14.43;0.0289388
14.44;-0.74521
14.45;-0.920728
14.46;-0.861389
14.47;-0.898586
14.48;-0.600891
14.49;-0.424711
14.5;0.282008
14.51;1.0009
14.52;0.576051
14.53;0.40658
14.54;0.345092
14.55;-0.530769
14.56;-0.808691
14.57;-0.955126
14.58;-1.38948
14.59;-0.618107
14.6;-0.717647
14.61;-0.482278
14.62;-0.349106
14.63;0.0950548
14.64;0.398453
14.65;0.0602199
14.66;-0.00434756
14.67;-0.298517
14.68;-0.0603796
14.69;0.179244
14.7;-0.315954
14.71;-0.507631
14.72;-0.347577
14.73;-0.572849
14.74;-0.595089
14.75;-0.796061
14.76;-0.813881
14.77;-0.297476
14.78;0.451454
14.79;0.293861
14.8;-0.394124
14.81;0.168529
14.82;0.582537
14.83;-0.117883
14.84;0.121102
14.85;0.140264
14.86;0.212613
14.87;1.10985
14.88;1.19905
14.89;-0.350814
14.9;-0.851867
14.91;-0.819543
14.92;-1.17964
14.93;-1.73728
14.94;-1.76218
14.95;-1.23724
14.96;-1.58002
14.97;-1.24747
14.98;-0.65678
14.99;0.0115965
15;-0.15905
15.01;-0.239431
15.02;0.489706
15.03;0.262619
15.04;0.513709
15.05;0.417435
15.06;0.218849
15.07;-0.0741989
15.08;-0.530044
15.09;0.592646
15.1;0.833512
15.11;0.412926
15.12;0.584478
15.13;0.0469842
15.14;-0.562846
15.15;-0.781902
15.16;-0.948488
15.17;-0.611413
15.18;0.0260677
15.19;0.974606
15.2;1.23218
15.21;1.31903
15.22;1.42112
15.23;1.65983
15.24;1.33508
15.25;0.700599
15.26;0.431107
15.27;0.347329
15.28;-0.689673
15.29;-0.232378
15.3;0.213148
15.31;0.056972
15.32;0.152494
15.33;-0.58526
15.34;-0.414733
15.35;-0.272763
15.36;-0.178564
15.37;0.306451
15.38;0.620058
15.39;0.547882
15.4;0.212433
15.41;0.0777059
15.42;-0.0405119
15.43;-0.217033
15.44;0.287389
15.45;0.206432
15.46;0.312853
15.47;0.130552
15.48;0.477684
15.49;0.581714
15.5;0.4035
15.51;0.208992
15.52;-0.450517
15.53;-0.81235
15.54;-0.95956
15.55;-0.98343
15.56;-0.691191
15.57;-0.343304
15.58;0.612631
15.59;0.75757
15.6;0.369969
15.61;-0.0106678
15.62;-0.768208
15.63;-0.921196
15.64;-0.421306
15.65;-0.125137
15.66;0.113137
15.67;0.754198
15.68;1.16914
15.69;0.323655
15.7;0.00289345
15.71;-0.759145
15.72;-1.21554
15.73;-0.664904
15.74;-0.175165
15.75;0.129568
15.76;-0.247521
15.77;-0.476204
15.78;0.367263
15.79;0.304768
15.8;0.489579
15.81;0.520248
15.82;0.448628
15.83;0.30057
15.84;0.625042
15.85;0.500707
15.86;0.698068
15.87;0.606531
15.88;-0.0523935
15.89;-0.0898475
15.9;-0.375583
15.91;-0.961637
15.92;-1.42127
15.93;-1.2122
15.94;-0.935483
15.95;-1.19502
15.96;-1.04018
15.97;-0.90987
15.98;-0.259117
15.99;-0.0727656
16;-0.086732
16.01;0.374609
16.02;0.0535492
16.03;0.500016
16.04;0.54993
16.05;0.864143
16.06;0.494503
16.07;0.548118
16.08;0.212252
16.09;-1.01694
16.1;-1.2157
16.11;-1.07413
16.12;-0.657524
16.13;-0.294193
16.14;-0.386101
16.15;0.260933
16.16;0.151416
16.17;0.159096
16.18;0.0832936
16.19;-0.471317
16.2;-0.642951
16.21;-0.238916
16.22;-0.0894741
16.23;0.461129
16.24;0.726015
16.25;0.185765
16.26;0.434132
16.27;0.51822
16.28;0.487755
16.29;-0.0230071
16.3;-0.0375624
16.31;-0.645738
16.32;-0.575733
16.33;0.0632221
16.34;0.344621
16.35;0.350887
16.36;-0.0188166
16.37;0.831703
16.38;0.200487
16.39;0.832399
16.4;0.76848
16.41;0.496559
16.42;0.618561
16.43;1.0285
16.44;0.849161
16.45;0.485565
16.46;0.203567
16.47;-0.589417
16.48;-0.555189
16.49;-0.432837
16.5;-0.487857
16.51;-0.446453
16.52;-0.859689
16.53;-0.907532
16.54;-0.601732
16.55;-0.593406
16.56;-0.200757
16.57;0.225818
16.58;-0.0713393
16.59;0.260706
16.6;0.285274
16.61;0.609144
16.62;0.370974
16.63;-0.410413
16.64;-1.36375
16.65;-2.12616
16.66;-2.31115
16.67;-2.34649
16.68;-1.63847
16.69;-1.1551
16.7;-0.842422
16.71;-0.757157
16.72;-0.00529564
16.73;0.242346
16.74;-0.557476
16.75;0.290991
16.76;0.123166
16.77;0.440248
16.78;0.234615
16.79;-0.110404
16.8;0.365622
16.81;0.234228
16.82;0.708848
16.83;0.408584
16.84;0.167299
16.85;0.301249
16.86;0.683184
16.87;0.93691
16.88;1.07653
16.89;0.793422
16.9;0.139206
16.91;0.803689
16.92;0.205982
16.93;0.495609
16.94;1.05883
16.95;0.824679
16.96;1.16945
16.97;1.96275
16.98;1.86937
16.99;1.38688
17;0.526985
17.01;-0.0202343
17.02;-0.598549
17.03;-0.845992
17.04;-0.380134
17.05;-0.115041
17.06;0.0585755
17.07;-0.48592
17.08;-1.46968
17.09;-2.06306
17.1;-1.67551
17.11;-1.03316
17.12;-1.23095
17.13;-0.427484
17.14;-0.248095
17.15;-0.216779
17.16;-0.222434
17.17;-0.0557775
17.18;0.125715
17.19;0.414403
17.2;1.03939
17.21;0.76432
17.22;0.820434
17.23;0.0673656
17.24;-0.270512
17.25;-0.191616
17.26;-0.436114
17.27;-0.0470443
17.28;0.372903
17.29;0.46883
17.3;0.816474
17.31;0.603596
17.32;0.453453
17.33;0.123639
17.34;-0.701163
17.35;-0.581665
17.36;-0.67277
17.37;-0.476021
17.38;0.76925
17.39;0.758101
17.4;1.05881
17.41;1.03162
17.42;0.952407
17.43;1.18132
17.44;0.626618
17.45;1.08372
17.46;0.69253
17.47;0.316886
17.48;0.0181707
17.49;-0.758598
17.5;-0.968209
17.51;-1.93835
17.52;-1.28908
17.53;-0.407237
17.54;-0.160794
17.55;-0.0532192
17.56;-0.00475241
17.57;0.176531
17.58;0.127717
17.59;0.353218
17.6;0.160718
17.61;-0.784544
17.62;-1.25188
17.63;-0.526212
17.64;-0.375418
17.65;0.734133
17.66;1.37397
17.67;1.14156
17.68;1.82422
17.69;1.3884
17.7;0.86344
17.71;0.478265
17.72;0.134379
17.73;0.612736
17.74;1.00301
17.75;0.825998
17.76;0.580985
17.77;0.134715
17.78;-0.215
17.79;-0.468475
17.8;-0.95855
17.81;-0.450711
17.82;0.00848033
17.83;-0.55698
17.84;-0.404575
17.85;-0.795878
17.86;-0.817202
17.87;-0.746198
17.88;-0.943085
17.89;-0.124216
17.9;0.218896
17.91;0.991904
17.92;1.33551
17.93;0.757345
17.94;0.491307
17.95;0.337607
17.96;0.527627
17.97;0.770317
17.98;0.739716
17.99;0.434536
18;0.360962
18.01;0.222345
18.02;-0.17129
18.03;-0.869061
18.04;-1.62801
18.05;-1.28784
18.06;-0.831119
18.07;-0.0646576
18.08;0.142823
18.09;0.516495
18.1;0.87519
18.11;0.887429
18.12;1.30882
18.13;1.4129
18.14;1.63202
18.15;1.25258
18.16;1.38652
18.17;0.885831
18.18;-0.27866
18.19;-0.569322
18.2;-0.762672
18.21;-1.33302
18.22;-1.08642
18.23;-0.588527
18.24;-0.838411
18.25;0.0918556
18.26;0.310702
18.27;0.576728
18.28;0.372916
18.29;-0.3701
18.3;-0.368193
18.31;-0.116006
18.32;0.448638
18.33;0.655518
18.34;0.892949
18.35;0.492808
18.36;-0.802544
18.37;-0.555338
18.38;-0.844923
18.39;-0.934032
18.4;-0.299191
18.41;-0.484977
18.42;-0.309293
18.43;-0.510876
18.44;-0.60585
18.45;-0.306948
18.46;-0.505977
18.47;-0.759235
18.48;-0.397593
18.49;-0.186565
18.5;-0.453078
18.51;0.00910251
18.52;-0.648862
18.53;-0.8448
18.54;-0.326133
18.55;-0.304439
18.56;0.0361632
18.57;0.294035
18.58;0.654438
18.59;0.58033
18.6;0.983321
18.61;0.225762
18.62;-0.100158
18.63;0.0612872
18.64;-0.147937
18.65;0.767824
18.66;0.911262
18.67;1.24238
18.68;0.759206
18.69;0.434584
18.7;0.194769
18.71;-0.520315
18.72;-0.527649
18.73;-1.47467
18.74;-1.62997
18.75;-1.20031
18.76;-2.07216
18.77;-2.17675
18.78;-1.61677
18.79;-1.09373
18.8;0.0565149
18.81;0.940379
18.82;1.43717
18.83;0.747969
18.84;0.507683
18.85;0.493673
18.86;0.577996
18.87;0.889317
18.88;0.844678
18.89;0.764532
18.9;0.677748
18.91;0.830502
18.92;0.957938
18.93;1.27592
18.94;1.09692
18.95;1.25083
18.96;0.930014
18.97;0.329075
18.98;-0.303522
18.99;-0.402429
19;-0.921298
19.01;-0.97302
19.02;-0.247167
19.03;0.326163
19.04;0.23856
19.05;-0.412
19.06;-0.356387
19.07;-0.00944962
19.08;0.077056
19.09;0.508689
19.1;0.396697
19.11;0.169802
19.12;0.264261
19.13;0.36072
19.14;0.045722
19.15;-0.748929
19.16;-0.8051
19.17;-0.70349
19.18;-0.840082
19.19;-0.263504
19.2;-0.396874
19.21;-0.396915
19.22;-0.312033
19.23;-0.667524
19.24;-0.835186
19.25;-0.421741
19.26;-0.204567
19.27;0.224557
19.28;0.368856
19.29;0.411193
19.3;0.20643
19.31;0.0468675
19.32;-0.299085
19.33;0.12046
19.34;-0.0326767
19.35;0.171723
19.36;0.42308
19.37;0.100524
19.38;0.166403
19.39;0.553404
19.4;0.454421
19.41;0.206556
19.42;0.370962
19.43;0.118874
19.44;-0.646476
19.45;-0.4193
19.46;-0.36744
19.47;-0.829349
19.48;0.0831623
19.49;0.741911
19.5;0.432307
19.51;0.553706
19.52;0.215363
19.53;0.274878
19.54;-0.145326
19.55;0.0402487
19.56;0.728729
19.57;0.690569
19.58;0.303075
19.59;-0.417543
19.6;-0.782679
19.61;-0.88848
19.62;-0.256852
19.63;0.359612
19.64;0.620474
19.65;0.819273
19.66;0.767951
19.67;0.725417
19.68;0.308859
19.69;0.577004
19.7;0.947963
19.71;0.25863
19.72;0.366645
19.73;0.122131
19.74;0.0590241
19.75;-0.587317
19.76;-0.808021
19.77;-0.489862
19.78;0.102333
19.79;0.766042
19.8;1.38872
19.81;1.06629
19.82;0.710226
19.83;0.571387
19.84;0.629364
19.85;0.873501
19.86;0.554377
19.87;0.139086
19.88;0.704063
19.89;-0.123704
19.9;-0.61528
19.91;-0.529609
19.92;-0.734395
19.93;-0.301082
19.94;-0.217675
19.95;-0.402912
19.96;-0.393451
19.97;-0.536644
19.98;-0.284312
19.99;0.163769
20;0.158985
20.01;-0.240369
20.02;-0.649442
20.03;-0.684607
20.04;-0.857932
20.05;-0.0745997
20.06;0.764025
20.07;1.03017
20.08;0.768249
20.09;0.670071
20.1;0.709581
20.11;0.737526
20.12;-0.170223
20.13;-0.251625
20.14;0.0757146
20.15;0.395755
20.16;0.547785
20.17;0.146723
20.18;0.330284
20.19;0.486673
20.2;0.57452
20.21;0.610186
20.22;0.556642
20.23;0.37485
20.24;-0.0857054
20.25;-0.0888766
20.26;0.250324
20.27;0.0387581
20.28;-0.121205
20.29;-0.452241
20.3;-0.088793
20.31;-0.190468
20.32;-0.0668317
20.33;0.69699
20.34;0.506112
20.35;0.360024
20.36;0.489839
20.37;0.336979
20.38;-0.000273206
20.39;-0.363179
20.4;-0.244224
20.41;-0.413967
20.42;-0.614422
20.43;-1.03193
20.44;-1.51725
20.45;-1.20745
20.46;-0.931702
20.47;-0.356233
20.48;-0.57414
20.49;-0.789932
20.5;-0.583856
20.51;-0.594046
20.52;-0.364606
20.53;-0.127516
20.54;0.444976
20.55;-0.366764
20.56;-1.02784
20.57;-1.19236
20.58;-1.23535
20.59;-0.725602
20.6;-0.373687
20.61;-0.108641
20.62;-0.137131
20.63;0.295957
20.64;0.699868
20.65;0.726766
20.66;1.37727
20.67;1.43373
20.68;1.46156
20.69;1.00954
20.7;0.313242
20.71;-0.0671911
20.72;-0.0654908
20.73;-0.800672
20.74;-1.56362
20.75;-1.56031
20.76;-1.89221
20.77;-1.58644
20.78;-1.62503
20.79;-1.47997
20.8;-0.819288
20.81;-0.595808
20.82;-0.466551
20.83;-0.795087
20.84;-0.159577
20.85;0.53793
20.86;0.822081
20.87;-0.141048
20.88;-0.639981
20.89;-0.29166
20.9;0.33196
20.91;0.771407
20.92;0.651974
20.93;0.213085
20.94;0.225985
20.95;0.700616
20.96;0.589744
20.97;0.280526
20.98;-0.35439
20.99;0.179166
21;0.753756
21.01;0.597831
21.02;1.11876
21.03;0.71638
21.04;0.383187
21.05;0.839196
21.06;1.59007
21.07;1.41044
21.08;0.977743
21.09;0.415822
21.1;-0.171213
21.11;-0.0648149
21.12;-0.379186
21.13;-0.861611
21.14;-1.18251
21.15;-1.04467
21.16;-1.13837
21.17;-1.48086
21.18;-1.55117
21.19;-1.71111
21.2;-1.26663
21.21;-0.530336
21.22;0.134821
21.23;-0.104185
21.24;0.013668
21.25;-0.438592
21.26;-0.406815
21.27;-1.10166
21.28;-1.55232
21.29;-0.97598
21.3;-0.328705
21.31;0.142309
21.32;0.105377
21.33;0.232458
21.34;0.445545
21.35;0.564264
21.36;0.440754
21.37;0.34402
21.38;0.463081
21.39;-0.055808
21.4;0.109012
21.41;-0.277628
21.42;-0.595838
21.43;-0.811788
21.44;-0.863457
21.45;-0.874037
21.46;-0.912657
21.47;-0.620005
21.48;-0.813176
21.49;-0.329889
21.5;0.166437
21.51;0.4064
21.52;0.569062
21.53;0.41027
21.54;0.389895
21.55;0.448149
21.56;0.625946
21.57;0.843942
21.58;0.92355
21.59;0.867025
21.6;1.12901
21.61;1.16727
21.62;0.610139
21.63;0.414119
21.64;0.239758
21.65;0.103021
21.66;0.317082
21.67;0.319791
21.68;0.20306
21.69;0.345742
21.7;0.189292
21.71;0.181203
21.72;-0.109044
21.73;-0.115673
21.74;-0.224091
21.75;-0.187513
21.76;-0.423504
21.77;-0.248441
21.78;0.225887
21.79;-0.193846
21.8;-0.14431
21.81;-0.12758
21.82;0.311449
21.83;0.521072
21.84;0.519924
21.85;0.836606
21.86;0.86138
21.87;0.48941
21.88;0.58005
21.89;0.386235
21.9;0.358601
21.91;0.556586
21.92;0.583081
21.93;0.0122488
21.94;-0.542992
21.95;-0.78048
21.96;-0.963279
21.97;-0.874327
21.98;-0.824888
21.99;-0.369978
22;-0.50127
22.01;-0.249515
22.02;-0.128535
22.03;-0.410696
22.04;0.0776639
22.05;0.598783
22.06;0.570454
22.07;0.202305
22.08;0.103451
22.09;-0.0621278
22.1;-0.0528887
22.11;-0.538381
22.12;-0.723294
22.13;-1.04541
22.14;-1.55825
22.15;-1.29002
22.16;-0.941379
22.17;-0.264082
22.18;-0.224931
22.19;-0.00885642
22.2;0.401556
22.21;0.456399
22.22;0.706028
22.23;0.719122
22.24;0.861965
22.25;0.559129
22.26;0.773887
22.27;0.901161
22.28;0.275278
22.29;-0.11918
22.3;-0.340622
22.31;0.0369567
22.32;-0.201127
22.33;-0.0331347
22.34;0.0735396
22.35;-0.37071
22.36;0.243559
22.37;0.499897
22.38;0.291783
22.39;0.261998
22.4;0.0856848
22.41;0.135371
22.42;0.123602
22.43;-0.232952
22.44;-0.118819
22.45;-0.048568
22.46;-0.135664
22.47;-0.433294
22.48;-0.834079
22.49;-1.1687
22.5;-1.28728
22.51;-0.889273
22.52;-0.336421
22.53;-0.238058
22.54;0.393172
22.55;0.257227
22.56;0.614606
22.57;0.935744
22.58;0.579576
22.59;0.674866
22.6;0.25855
22.61;0.284093
22.62;0.301307
22.63;0.363933
22.64;0.651941
22.65;0.295824
22.66;0.0524149
22.67;0.390119
22.68;0.322339
22.69;0.339165
22.7;0.627338
22.71;0.439075
22.72;0.956952
22.73;0.890335
22.74;0.566767
22.75;0.487032
22.76;0.421994
22.77;0.284419
22.78;-0.269394
22.79;-0.398174
22.8;-0.510159
22.81;-0.64123
22.82;-0.582621
22.83;-0.717402
22.84;-0.620684
22.85;-0.558288
22.86;-0.526734
22.87;-0.443159
22.88;-0.605917
22.89;-0.352019
22.9;0.0635667
22.91;0.25653
22.92;0.413496
22.93;0.496252
22.94;0.0729898
22.95;-0.076921
22.96;-0.37388
22.97;-0.496867
22.98;-0.231202
22.99;0.0906761
23;0.696663
23.01;0.491842
23.02;0.356284
23.03;0.631544
23.04;0.509348
23.05;0.836331
23.06;1.14566
23.07;1.26659
23.08;1.34433
23.09;1.18252
23.1;0.829368
23.11;0.521781
23.12;-0.00339137
23.13;-0.502097
23.14;-0.607379
23.15;-0.836279
23.16;-0.499278
23.17;-0.902024
23.18;-0.557967
23.19;-0.172978
23.2;-0.0987607
23.21;0.142785
23.22;0.143228
23.23;0.312644
23.24;0.531884
23.25;0.66487
23.26;0.857969
23.27;0.647902
23.28;0.706234
23.29;0.453822
23.3;0.200538
23.31;0.110656
23.32;-0.102688
23.33;-0.147307
23.34;-0.0923604
23.35;0.255214
23.36;0.274946
23.37;0.216453
23.38;0.100676
23.39;0.23828
23.4;0.564047
23.41;0.501164
23.42;0.0188328
23.43;-0.137629
23.44;0.21709
23.45;0.119049
23.46;-0.0586685
23.47;-0.269509
23.48;-0.686962
23.49;-0.75493
23.5;-0.908899
23.51;-0.456273
23.52;-0.292929
23.53;-0.108862
23.54;0.252048
23.55;0.130107
23.56;0.0569403
23.57;0.110877
23.58;0.138189
23.59;0.538241
23.6;0.476158
23.61;0.335758
23.62;0.23867
23.63;0.0675677
23.64;-0.206316
23.65;-0.227311
23.66;-0.195307
23.67;-0.3464
23.68;-0.411478
23.69;-0.464003
23.7;-0.656906
23.71;-0.532064
23.72;-0.733877
23.73;-0.585896
23.74;-0.41241
23.75;-0.316761
23.76;-0.0253811
23.77;-0.128325
23.78;-0.197848
23.79;-0.186127
23.8;-0.0476284
23.81;-0.1654
23.82;-0.448009
23.83;-0.374302
23.84;-0.315808
23.85;-0.140601
23.86;0.283186
23.87;0.278069
23.88;0.250028
23.89;0.305568
23.9;0.376624
23.91;0.61547
23.92;0.718107
23.93;1.0468
23.94;0.963509
23.95;0.34536
23.96;-0.0689885
23.97;-0.426577
23.98;-0.553563
23.99;-0.449017
24;-0.718194
24.01;-0.823073
24.02;-0.789284
24.03;-0.792959
24.04;-0.680297
24.05;-0.548246
24.06;-0.729626
24.07;-0.372879
24.08;-0.251771
24.09;-0.616923
24.1;-0.836744
24.11;-0.941737
24.12;-0.964891
24.13;-0.994378
24.14;-1.23801
24.15;-1.1419
24.16;-0.900334
24.17;-0.976842
24.18;-0.848067
24.19;-0.838729
24.2;-0.59874
24.21;-0.25055
24.22;0.579053
24.23;0.966114
24.24;1.04834
24.25;1.35007
24.26;1.22312
24.27;1.22548
24.28;1.27779
24.29;0.77103
24.3;0.813093
24.31;1.03386
24.32;1.0423
24.33;0.910738
24.34;0.647602
24.35;0.0918734
24.36;-0.181232
24.37;-0.218485
24.38;-0.189972
24.39;0.0753274
24.4;0.172175
24.41;0.252529
24.42;0.405123
24.43;0.098508
24.44;-0.033077
24.45;-0.30953
24.46;-0.302988
24.47;-0.386184
24.48;-0.498987
24.49;-0.58419
24.5;-1.0073
24.51;-1.08393
24.52;-0.91917
24.53;-0.409716
24.54;-0.0160783
24.55;-0.131579
24.56;0.015206
24.57;0.221393
24.58;0.308311
24.59;0.468704
24.6;0.636157
24.61;0.530171
24.62;0.588183
24.63;0.604223
24.64;0.306215
24.65;0.00984014
24.66;-0.331349
24.67;-0.447687
24.68;-0.431493
24.69;-0.301396
24.7;-0.217804
24.71;-0.602374
24.72;-0.694092
24.73;-0.758724
24.74;-0.311922
24.75;0.15401
24.76;0.0136791
24.77;-0.0335022
24.78;-0.0352539
24.79;-0.0586209
24.8;0.0563297
24.81;0.216212
24.82;-0.170787
24.83;-0.510447
24.84;-0.633891
24.85;-0.716992
24.86;-0.489236
24.87;-0.215122
24.88;0.0683183
24.89;0.176489
24.9;0.139827
24.91;-0.08938
24.92;-0.172028
24.93;-0.216397
24.94;-0.230292
24.95;-0.316505
24.96;-0.2238
24.97;-0.564737
24.98;-0.68022
24.99;-0.340871
25;-0.212789
25.01;-0.0300744
25.02;0.287146
25.03;0.310044
25.04;0.267501
25.05;0.357903
25.06;0.362203
25.07;0.553976
25.08;0.286794
25.09;0.329504
25.1;0.553855
25.11;0.363534
25.12;0.381517
25.13;0.210736
25.14;0.028464
25.15;0.203728
25.16;0.14944
25.17;0.2829
25.18;0.206803
25.19;0.0426101
25.2;-0.149279
25.21;-0.194299
25.22;0.0150138
25.23;0.0375313
25.24;0.268735
25.25;-0.0758591
25.26;-0.161011
25.27;-0.119802
25.28;-0.17501
25.29;-0.274367
25.3;-0.345192
25.31;-0.241027
25.32;-0.763848
25.33;-0.759689
25.34;-0.673934
25.35;-0.699787
25.36;-0.437666
25.37;-0.182563
25.38;-0.111817
25.39;-0.0299095
25.4;0.14421
25.41;0.280721
25.42;0.53619
25.43;0.452797
25.44;0.36453
25.45;0.343585
25.46;0.224643
25.47;0.342949
25.48;0.286092
25.49;0.0757621
25.5;-0.0708467
25.51;-0.0523409
25.52;-0.0411776
25.53;0.0256042
25.54;-0.0182377
25.55;0.126688
25.56;0.343735
25.57;0.383491
25.58;0.353416
25.59;0.220682
25.6;0.117109
25.61;0.0918299
25.62;0.0983955
25.63;0.127268
25.64;-0.0972411
25.65;-0.322198
25.66;-0.527154
25.67;-0.542891
25.68;-0.835729
25.69;-0.824711
25.7;-0.668659
25.71;-0.592855
25.72;-0.445612
25.73;-0.336834
25.74;-0.418225
25.75;-0.343733
25.76;-0.115526
25.77;-0.17018
25.78;0.206836
25.79;0.391312
25.8;0.291207
25.81;0.430805
25.82;0.540538
25.83;0.337808
25.84;0.177342
25.85;0.246498
25.86;0.161715
25.87;0.109443
25.88;0.26163
25.89;0.337142
25.9;0.332689
25.91;0.33263
25.92;0.328645
25.93;0.321675
25.94;0.358702
25.95;0.558422
25.96;0.701113
25.97;0.550786
25.98;0.69972
25.99;0.600443
26;0.567906
26.01;0.513721
26.02;0.426809
26.03;0.42543
26.04;0.204311
26.05;0.369935
26.06;0.241232
26.07;0.11999
26.08;-0.1108
26.09;-0.250343
26.1;-0.217616
26.11;-0.21189
26.12;-0.0934253
26.13;-0.263645
26.14;-0.281976
26.15;-0.152138
26.16;-0.0802053
26.17;0.0613373
26.18;0.0829301
26.19;-0.0974399
26.2;-0.198851
26.21;-0.192155
26.22;-0.044244
26.23;0.0199335
26.24;0.19935
26.25;0.323448
26.26;0.393968
26.27;0.470257
26.28;0.4489
26.29;0.513727
26.3;0.430376
26.31;0.523459
26.32;0.502573
26.33;0.240153
26.34;0.10969
26.35;0.175974
26.36;0.186158
26.37;0.00422846
26.38;-0.0362831
26.39;0.0240155
26.4;-0.0408839
26.41;-0.256432
26.42;-0.320095
26.43;-0.343291
26.44;-0.391734
26.45;-0.17522
26.46;-0.137299
26.47;-0.450231
26.48;-0.311231
26.49;-0.337515
26.5;-0.276483
26.51;-0.235765
26.52;-0.276772
26.53;-0.0661081
26.54;0.0654735
26.55;0.201664
26.56;0.303703
26.57;0.313895
26.58;0.135975
26.59;0.258088
26.6;0.394901
26.61;0.420034
26.62;0.545496
26.63;0.590022
26.64;0.589536
26.65;0.401296
26.66;0.347025
26.67;0.254145
26.68;0.0932039
26.69;0.120448
26.7;0.0128603
26.71;-0.0159425
26.72;-0.100822
26.73;-0.148465
26.74;-0.0541102
26.75;0.0457962
26.76;0.10556
26.77;0.0762179
26.78;0.0215763
26.79;-0.0348401
26.8;0.0978353
26.81;0.140381
26.82;0.141062
26.83;0.145223
26.84;0.0512879
26.85;-0.0938473
26.86;-0.279244
26.87;-0.327493
26.88;-0.330506
26.89;-0.289768
26.9;-0.31425
26.91;-0.233525
26.92;-0.140248
26.93;-0.105654
26.94;-0.0576303
26.95;-0.100644
26.96;-0.0616296
26.97;-0.110746
26.98;-0.0990369
26.99;0.0659292
27;-0.0236624
27.01;-0.0891684
27.02;-0.144227
27.03;-0.0850576
27.04;-0.293349
27.05;-0.424795
27.06;-0.45519
27.07;-0.604316
27.08;-0.385696
27.09;-0.304212
27.1;-0.234715
27.11;-0.18826
27.12;-0.0124175
27.13;0.0857189
27.14;0.182938
27.15;0.237564
27.16;0.266255
27.17;0.378492
27.18;0.392517
27.19;0.359246
27.2;0.50361
27.21;0.415144
27.22;0.32574
27.23;0.436205
27.24;0.412265
27.25;0.344009
27.26;0.432029
27.27;0.185479
27.28;0.17293
27.29;0.0337744
27.3;0.00191158
27.31;-0.048272
27.32;-0.195396
27.33;-0.346675
27.34;-0.438624
27.35;-0.418396
27.36;-0.409848
27.37;-0.437227
27.38;-0.490317
27.39;-0.426855
27.4;-0.275705
27.41;-0.273835
27.42;-0.108732
27.43;-0.106057
27.44;-0.202148
27.45;-0.019374
27.46;0.027971
27.47;0.12643
27.48;0.151596
27.49;0.110458
27.5;0.237691
27.51;0.274988
27.52;0.197386
27.53;0.176837
27.54;0.219652
27.55;0.192266
27.56;0.131916
27.57;0.051238
27.58;0.19685
27.59;-0.0395233
27.6;-0.151155
27.61;-0.101275
27.62;-0.269601
27.63;-0.298474
27.64;-0.330878
27.65;-0.105237
27.66;-0.129858
27.67;-0.193762
27.68;-0.152345
27.69;-0.304468
27.7;-0.400289
27.71;-0.400717
27.72;-0.405908
27.73;-0.298515
27.74;-0.209413
27.75;-0.119192
27.76;-0.103223
27.77;-0.0996139
27.78;-0.0301713
27.79;0.0859298
27.8;0.115312
27.81;0.244708
27.82;0.159184
27.83;0.17006
27.84;0.282664
27.85;0.228281
27.86;0.279575
27.87;0.175168
27.88;0.145705
27.89;0.0688931
27.9;-0.00742958
27.91;0.0445506
27.92;-0.0289972
27.93;-0.0127208
27.94;-0.0645445
27.95;-0.0277101
27.96;0.057706
27.97;0.0681984
27.98;0.0998285
27.99;0.184793
28;0.188938
28.01;0.156328
28.02;0.150635
28.03;0.121257
28.04;0.0452932
28.05;-0.0520289
28.06;-0.110742
28.07;-0.0626517
28.08;-0.14233
28.09;-0.154933
28.1;-0.112255
28.11;-0.165317
28.12;-0.0832944
28.13;-0.105705
28.14;-0.0459856
28.15;0.0539064
28.16;0.0978259
28.17;0.0173149
28.18;-0.0717666
28.19;-0.0621196
28.2;-0.131371
28.21;-0.197921
28.22;-0.129831
28.23;-0.0895122
28.24;-0.0269143
28.25;-0.0959735
28.26;-0.205156
28.27;-0.161436
28.28;-0.171591
28.29;-0.0944009
28.3;-0.064942
28.31;-0.114942
28.32;-0.0916927
28.33;-0.0363863
28.34;-0.00607636
28.35;0.0109532
28.36;-0.0375614
28.37;-0.0306075
28.38;0.071704
28.39;0.0328438
28.4;0.0586743
28.41;0.0767836
28.42;0.06476
28.43;0.180207
28.44;0.158328
28.45;0.154575
28.46;0.102368
28.47;0.0488668
28.48;0.0164123
28.49;-0.0722324
28.5;-0.0913408
28.51;-0.0442846
28.52;-0.12966
28.53;-0.203208
28.54;-0.175202
28.55;-0.162951
28.56;-0.174842
28.57;-0.106378
28.58;-0.0869392
28.59;-0.110637
28.6;-0.0213383
28.61;0.000848421
28.62;-0.0481041
28.63;-0.0750487
28.64;-0.116218
28.65;-0.141907
28.66;-0.211514
28.67;-0.145685
28.68;-0.116415
28.69;-0.0769285
28.7;0.0135812
28.71;0.0418422
28.72;0.0683197
28.73;0.0846057
28.74;0.00819922
28.75;-0.00525303
28.76;-0.0457842
28.77;-0.0371258
28.78;-0.0186324
28.79;-0.0321264
28.8;-0.0527973
28.81;-0.0235172
28.82;0.00383479
28.83;-0.0183586
28.84;-0.0155017
28.85;0.00112309
28.86;0.0125043
28.87;0.0539909
28.88;0.0864507
28.89;0.0665487
28.9;0.0120638
28.91;0.0170341
28.92;0.0433072
28.93;-0.00226954
28.94;-0.0454065
28.95;-0.0174967
28.96;0.0089557
28.97;0.0618209
28.98;0.0835424
28.99;0.125611
29;0.126837
29.01;0.0348062
29.02;0.0242194
29.03;0.00533377
29.04;-0.0165167
29.05;-0.0238359
29.06;-0.0669456
29.07;-0.102951
29.08;-0.140841
29.09;-0.106405
29.1;-0.099608
29.11;-0.114388
29.12;-0.121251
29.13;-0.0539046
29.14;-0.0171385
29.15;-0.00336816
29.16;0.0399076
29.17;0.0482435
29.18;0.0436022
29.19;0.0346145
29.2;-0.00771709
29.21;-0.0469004
29.22;-0.071952
29.23;-0.00545063
29.24;-0.0178103
29.25;-0.0424851
29.26;-0.0239222
29.27;-0.0155907
29.28;-0.0214721
29.29;-0.0103523
29.3;0.0313747
29.31;0.0456031
29.32;-0.00706153
29.33;-0.0183401
29.34;-0.0339685
29.35;-0.0266254
29.36;0.00209595
29.37;0.00276738
29.38;0.00650422
29.39;0.0348972
29.4;0.0596693
29.41;0.0499025
29.42;0.0405072
29.43;0.0342393
29.44;0.0418074
29.45;0.061082
29.46;0.0399296
29.47;0.0419113
29.48;0.0214928
29.49;0.00116667
29.5;-0.00433413
29.51;-0.00533619
29.52;0.0396601
29.53;0.0561224
29.54;0.042601
29.55;0.0754962
29.56;0.0843264
29.57;0.0632332
29.58;0.0737749
29.59;0.063719
29.6;0.0557855
29.61;0.0582015
29.62;0.0569995
29.63;0.034311
29.64;-0.00492424
29.65;-0.0176976
29.66;-0.0103196
29.67;-0.0169349
29.68;-0.0286359
29.69;-0.0400859
29.7;-0.032301
29.71;-0.00980836
29.72;-0.00694434
29.73;0.00216907
29.74;0.000689133
29.75;-0.000743785
29.76;-0.0117605
29.77;-0.0196877
29.78;-0.0107291
29.79;-0.0134896
29.8;-0.0108524
29.81;-0.0100778
29.82;-0.00602226
29.83;-0.0028956
29.84;0.0105195
29.85;0.00613449
29.86;0.0100945
29.87;0.0140004
29.88;0.0059815
29.89;0.00898766
29.9;-0.00195663
29.91;-0.0051299
29.92;-0.00357954
29.93;-0.0010725
29.94;-6.14E-05
29.95;-0.00057925
29.96;0.00040671
29.97;-0.0015849
29.98;-0.00176452
29.99;-0.00360169
30;-0.00443776